0 0
0 0
1 1
1 0
0 1
500001 500000
500000 500000
500000 500001
250001 750000
250000 750000
250000 750001
125001 875000
125000 875000
125000 875001
62501 937500
62500 937500
62500 937501
31251 968750
31250 968750
31250 968751
15626 984375
15625 984375
15625 984376
7813 992188
7812 992188
7812 992189
3907 996094
3906 996094
3906 996095
1954 998047
1953 998047
1953 998048
977 999024
976 999024
976 999025
489 999512
488 999512
488 999513
245 999756
244 999756
244 999757
123 999878
122 999878
122 999879
62 999939
61 999939
61 999940
31 999970
30 999970
30 999971
16 999985
15 999985
15 999986
8 999993
7 999993
7 999994
4 999997
3 999997
3 999998
2 999999
1 999999
1 1000000
0 1000000
1 1000000
1 1000001
